142.93073344230652
136.16222143173218
143.74472522735596
139.42918014526367
136.1310703754425
142.46623134613037
137.5600986480713
156.38962507247925
155.99121642112732
151.56031131744385
141.31221437454224
143.42929553985596
135.5938777923584
136.60051941871643
128.71965384483337
142.77328848838806
142.42843055725098
136.80669450759888
136.83382558822632
147.59207797050476
145.82765793800354
149.4514980316162
148.77553296089172
144.4416537284851
145.9183349609375
142.56266379356384
138.38561153411865
134.95456337928772
140.83009123802185
150.7665617465973
139.1068434715271
145.09913325309753
144.95542860031128
143.33511233329773
146.98993301391602
146.80252051353455
140.41256165504456
124.27266669273376
145.1087052822113
141.9603705406189
143.0132496356964
144.12622594833374
135.49251222610474
136.05698943138123
106.64355301856995
81.95249032974243
94.6688871383667
144.78450727462769
144.03735303878784
152.4668791294098
92.4454607963562
89.390305519104
135.2577702999115
137.73086762428284
141.5281593799591
95.93058633804321
98.40599632263184
133.60110998153687
138.22743964195251
130.2913019657135
146.09794664382935
141.11276936531067
136.77536749839783
152.4325864315033
145.29747128486633
137.20227932929993
132.64086174964905
135.04418754577637
136.69068503379822
130.7113800048828
142.880469083786
151.72240948677063
128.1021647453308
144.54132294654846
131.35329484939575
134.40072345733643
146.3335976600647
156.19506359100342
145.30462789535522
139.54839658737183
144.13764667510986
97.69294834136963
127.10094833374023
151.69666123390198
130.78999519348145
149.9029278755188
151.7710371017456
123.4476068019867
153.50423884391785
164.797443151474
149.00134801864624
129.14308524131775
148.59159183502197
146.384929895401
154.1829855442047
127.75648260116577
141.70162153244019
144.15061140060425
149.51902532577515
119.7003059387207
