2.990000009536743
2.9800000190734863
2.9600000381469727
3.557999849319458
3.0999999046325684
3.0300002098083496
3.886000156402588
4.1579999923706055
4.92300009727478
3.866000175476074
5.599999904632568
3.299999952316284
3.179999828338623
3.762000322341919
3.6040000915527344
4.044000148773193
3.7140002250671387
4.562999725341797
4.182000160217285
4.191999912261963
5.450000047683716
3.562000036239624
3.7200000286102295
4.071000099182129
3.9159998893737793
4.891999959945679
4.484000205993652
4.599999904632568
3.7139999866485596
3.8299999237060547
