0.559999942779541
0.6699998378753662
0.8399999141693115
0.6800000667572021
1.3300001621246338
0.7700002193450928
0.6699998378753662
1.130000114440918
1.3499999046325684
0.8700001239776611
1.2099997997283936
0.6500000953674316
0.679999828338623
0.690000057220459
0.6599998474121094
0.6900002956390381
0.7199997901916504
0.7000000476837158
0.6500000953674316
0.7099997997283936
1.0300002098083496
0.7000000476837158
0.7400000095367432
0.7899997234344482
0.7000000476837158
0.7599999904632568
0.8500001430511475
0.7899999618530273
0.690000057220459
0.7099997997283936
1.4000000953674316
0.8100001811981201
0.7200000286102295
0.7199997901916504
0.690000057220459
0.7100000381469727
0.7000000476837158
0.7200000286102295
0.7999999523162842
0.7300002574920654
1.5399999618530273
0.6699998378753662
0.7300002574920654
0.7599999904632568
0.679999828338623
0.7700002193450928
0.7700002193450928
0.8099997043609619
0.7799999713897705
0.7300002574920654
1.429999828338623
0.7699997425079346
0.7900002002716064
0.7099997997283936
0.7500002384185791
0.8799998760223389
0.7599999904632568
0.809999942779541
0.8500001430511475
0.8499999046325684
1.5900001525878906
0.7499997615814209
0.7999999523162842
0.8000001907348633
0.7599999904632568
0.8799998760223389
0.7299997806549072
0.7400000095367432
0.7900002002716064
0.8299999237060547
1.8700001239776611
0.7799999713897705
0.7900002002716064
0.8799998760223389
0.9700000286102295
0.8399999141693115
0.7999999523162842
0.8300001621246338
0.8799998760223389
0.940000057220459
1.8900001049041748
1.0299999713897705
0.8399999141693115
0.8500001430511475
0.8799998760223389
0.9300000667572021
0.9100000858306885
0.9600000381469727
0.8899998664855957
1.0
2.0
0.8499999046325684
0.8500001430511475
0.9600000381469727
0.8399999141693115
1.0399999618530273
0.9600000381469727
0.8500001430511475
0.9899997711181641
0.8500001430511475
2.0199999809265137
0.9000000953674316
1.2799999713897705
0.8100001811981201
0.9000000953674316
0.8299999237060547
0.9199998378753662
0.929999828338623
0.9200000762939453
0.8799998760223389
2.4100000858306885
1.0
0.9300000667572021
0.9000000953674316
1.0699996948242188
0.9900002479553223
1.0
0.9300003051757812
0.9800000190734863
1.0099997520446777
2.259999990463257
1.2200000286102295
0.9699997901916504
0.940000057220459
0.8900001049041748
0.9000000953674316
0.9699997901916504
0.9100000858306885
1.0299999713897705
1.0800001621246338
3.0099997520446777
0.940000057220459
1.0500001907348633
1.0699996948242188
1.0
1.1500003337860107
1.0899996757507324
0.9800000190734863
0.9900002479553223
0.9699997901916504
3.1000001430511475
0.9100000858306885
1.0699999332427979
1.0899999141693115
1.2400000095367432
1.0399999618530273
1.2200000286102295
1.2299997806549072
1.2300000190734863
1.1600000858306885
3.049999952316284
1.1400001049041748
1.2200000286102295
0.9600000381469727
1.0199999809265137
1.119999885559082
1.0499999523162842
0.9600000381469727
1.2400000095367432
1.320000171661377
2.859999895095825
1.179999828338623
1.1099998950958252
0.9500000476837158
1.119999885559082
0.9300000667572021
1.0099999904632568
0.9600000381469727
1.0999999046325684
1.0300002098083496
3.809999704360962
1.2400000095367432
1.1000001430511475
1.059999942779541
1.2100000381469727
1.1800000667572021
1.1499998569488525
1.0699999332427979
1.190000057220459
1.2300000190734863
3.5999999046325684
0.9800000190734863
1.2099997997283936
1.190000057220459
1.0600001811981201
1.0299997329711914
1.250000238418579
1.1499998569488525
1.2799999713897705
1.1299998760223389
5.0
1.2200000286102295
1.1899998188018799
1.1400001049041748
1.2300000190734863
1.1599998474121094
1.4699997901916504
1.3700003623962402
1.1599998474121094
1.1299998760223389
0.7000000476837158
0.6599998474121094
0.6200001239776611
0.6700000762939453
0.6600000858306885
0.7099997997283936
0.8300001621246338
0.7400000095367432
0.7500002384185791
0.7099997997283936
0.7999999523162842
0.5900001525878906
0.6099998950958252
0.5999999046325684
0.6200001239776611
0.630000114440918
0.5899999141693115
0.630000114440918
0.6099998950958252
0.6100001335144043
0.9199998378753662
0.7000000476837158
0.8499999046325684
0.7000000476837158
0.6800000667572021
0.7000000476837158
0.6600000858306885
0.7599999904632568
0.6899998188018799
0.7000000476837158
1.2300000190734863
0.6800000667572021
0.7799999713897705
0.7099997997283936
0.7300002574920654
0.7099997997283936
0.880000114440918
0.7300000190734863
0.7400000095367432
0.7099997997283936
1.2999999523162842
0.7599999904632568
0.809999942779541
0.7599999904632568
0.7100000381469727
0.7599999904632568
0.7400000095367432
0.7599999904632568
0.7599999904632568
0.7000000476837158
1.4000000953674316
0.5399999618530273
0.559999942779541
0.559999942779541
0.5600001811981201
0.559999942779541
0.559999942779541
0.5799999237060547
0.6600000858306885
0.559999942779541
1.4900000095367432
0.7599999904632568
0.7400000095367432
0.9099998474121094
0.8900003433227539
0.8199999332427979
0.7799999713897705
0.7699999809265137
0.8199999332427979
0.8199999332427979
1.6500000953674316
0.8999998569488525
1.0300002098083496
0.8299999237060547
1.0900001525878906
0.8799998760223389
0.8400001525878906
0.7400000095367432
0.9799997806549072
0.7899999618530273
1.7000000476837158
0.8300001621246338
0.9499998092651367
1.070000171661377
0.8199999332427979
0.7899999618530273
0.8999998569488525
1.010000228881836
0.8999998569488525
1.1500000953674316
1.5499999523162842
0.8600001335144043
0.9399998188018799
0.9300000667572021
0.8700001239776611
1.249999761581421
0.8100001811981201
0.940000057220459
0.7200000286102295
1.0900001525878906
2.240000009536743
0.869999885559082
0.9100000858306885
1.0099999904632568
1.1700000762939453
0.9199998378753662
0.9800000190734863
0.8599998950958252
1.1000001430511475
1.1699998378753662
2.06000018119812
1.0099999904632568
0.940000057220459
1.0799999237060547
1.0399999618530273
0.9100000858306885
1.0799999237060547
0.9100000858306885
1.0799999237060547
1.0199999809265137
2.56000018119812
0.8799998760223389
0.9000000953674316
1.309999942779541
0.9399998188018799
0.9700002670288086
0.929999828338623
1.1600000858306885
1.179999828338623
0.7999999523162842
2.7100002765655518
1.0399999618530273
1.2099997997283936
1.119999885559082
1.1500000953674316
1.0
1.1299998760223389
1.2599999904632568
0.9700002670288086
1.0899999141693115
2.7799999713897705
0.9600000381469727
1.0
1.2799999713897705
1.0499999523162842
0.9000000953674316
0.9099998474121094
1.1700000762939453
1.1800000667572021
1.1499998569488525
3.6100001335144043
1.1099998950958252
0.9600000381469727
1.2599999904632568
1.0829999446868896
1.1400001049041748
1.2299997806549072
1.309999942779541
0.9700000286102295
0.9800000190734863
3.759999990463257
1.0499999523162842
1.2400000095367432
1.5800001621246338
1.0999999046325684
0.9100000858306885
1.2700002193450928
1.0500001907348633
1.1499998569488525
1.2200000286102295
2.4800000190734863
1.0299997329711914
1.2900002002716064
1.3199999332427979
1.3999998569488525
1.250000238418579
1.2899999618530273
0.9600000381469727
1.1399998664855957
1.1400001049041748
4.25
1.0
1.1299998760223389
1.4100003242492676
1.2099997997283936
1.3700001239776611
1.1699998378753662
1.1100001335144043
1.7400000095367432
1.1009998321533203
5.2200000286102295
1.559999942779541
1.429999828338623
1.4800000190734863
1.5399999618530273
1.4000000953674316
1.3199999332427979
1.2000000476837158
1.3899998664855957
1.0799999237060547
0.6899998188018799
0.6500000953674316
0.6400001049041748
0.6600000858306885
0.7400000095367432
0.6699998378753662
0.630000114440918
0.6700000762939453
0.6800000667572021
0.6899998188018799
0.9100003242492676
0.6999998092651367
0.6800000667572021
0.7999999523162842
0.7100000381469727
0.6600000858306885
0.6699998378753662
0.679999828338623
0.7300000190734863
1.0299999713897705
1.0800001621246338
0.679999828338623
0.7000000476837158
0.7200000286102295
0.7299997806549072
0.6800000667572021
0.7500002384185791
0.7099997997283936
0.7100000381469727
0.6699998378753662
1.1100001335144043
0.7300000190734863
0.7100000381469727
0.6699998378753662
0.7000000476837158
0.690000057220459
0.7400000095367432
0.7300000190734863
0.690000057220459
0.7599999904632568
1.2400000095367432
0.7200000286102295
0.7299997806549072
0.7400000095367432
0.7200000286102295
0.7300002574920654
0.8299999237060547
0.8199999332427979
0.7999999523162842
0.7599999904632568
1.2799999713897705
0.6600000858306885
0.6599998474121094
0.6600000858306885
0.6600000858306885
0.6500000953674316
0.6699998378753662
0.6700000762939453
0.690000057220459
0.6699998378753662
1.679999828338623
0.75
0.7999999523162842
0.7900002002716064
0.7699997425079346
0.7700002193450928
0.7799999713897705
0.7400000095367432
0.7699999809265137
0.809999942779541
1.6700000762939453
0.9099998474121094
0.7700002193450928
0.9699997901916504
0.8500001430511475
0.9100000858306885
0.8599998950958252
0.8499996662139893
0.8400001525878906
0.8399999141693115
1.809999704360962
0.9000000953674316
1.1399998664855957
0.940000057220459
0.9099998474121094
0.8399999141693115
0.7999999523162842
0.7799999713897705
0.9099998474121094
0.9300003051757812
2.0299997329711914
0.9300003051757812
0.9599997997283936
0.9800000190734863
0.809999942779541
0.8399999141693115
1.130000114440918
0.8299999237060547
0.8400001525878906
0.8499999046325684
2.0200002193450928
1.0199999809265137
0.9600000381469727
0.9300000667572021
0.9600000381469727
0.8299999237060547
0.9200000762939453
0.8829998970031738
0.820000171661377
0.8799998760223389
2.2809998989105225
0.9600000381469727
0.9700000286102295
0.9530000686645508
0.8799998760223389
0.869999885559082
0.929999828338623
0.9000000953674316
0.9500000476837158
1.0999999046325684
2.8299999237060547
1.2000000476837158
1.0500001907348633
0.9800000190734863
1.059999942779541
1.0799999237060547
0.9199998378753662
1.0600001811981201
0.9199998378753662
1.0699999332427979
2.640000104904175
0.9500000476837158
1.0199999809265137
1.2699999809265137
0.9699997901916504
1.0800001621246338
0.8999998569488525
1.1600000858306885
0.940000057220459
1.3199999332427979
3.5199999809265137
1.070000171661377
0.9500002861022949
1.2400000095367432
0.940000057220459
0.9500002861022949
1.2299997806549072
0.9300000667572021
1.2400000095367432
1.2599999904632568
3.419999837875366
1.0299999713897705
1.1100001335144043
1.059999942779541
1.4500000476837158
1.190000057220459
1.2599999904632568
0.940000057220459
1.1410002708435059
1.3899998664855957
3.819999933242798
1.2999999523162842
1.0400002002716064
1.1500000953674316
1.2100002765655518
1.4199998378753662
1.2699999809265137
1.2299997806549072
1.0999999046325684
0.8899998664855957
3.630000114440918
1.0699999332427979
1.1700000762939453
0.929999828338623
0.9700002670288086
1.2699997425079346
1.0
1.0800001621246338
1.1599998474121094
1.0800001621246338
3.6700000762939453
1.2599999904632568
1.2199997901916504
1.2800002098083496
1.2699999809265137
1.1399998664855957
1.0800001621246338
1.3100001811981201
1.239999771118164
1.3400001525878906
3.43999981880188
1.3900001049041748
1.0500001907348633
1.2999999523162842
1.049999713897705
1.4700002670288086
1.6099998950958252
1.1400001049041748
1.3499999046325684
1.4219999313354492
0.630000114440918
0.5999999046325684
0.6600000858306885
0.6500000953674316
0.6499998569488525
0.6900002956390381
0.6699998378753662
0.679999828338623
0.6800000667572021
0.6500000953674316
0.9600000381469727
0.6499998569488525
0.6700000762939453
0.6700000762939453
0.7199997901916504
0.6900002956390381
0.7799999713897705
0.6600000858306885
0.6899998188018799
0.7300000190734863
1.0499999523162842
0.6700000762939453
0.679999828338623
0.7409999370574951
0.7200000286102295
0.630000114440918
0.7000000476837158
0.6499998569488525
0.7100000381469727
0.75
1.0399999618530273
0.9900002479553223
0.6999998092651367
0.7200000286102295
0.6800000667572021
0.7099997997283936
0.6800000667572021
0.690000057220459
0.7699999809265137
0.7699999809265137
1.1800000667572021
0.8500001430511475
0.8499999046325684
0.7300000190734863
0.7200000286102295
0.7200000286102295
0.7799999713897705
0.6700003147125244
0.7599999904632568
0.7099997997283936
1.4100000858306885
0.7400000095367432
0.809999942779541
0.7400000095367432
0.9600000381469727
0.809999942779541
0.75
0.8299999237060547
0.7200000286102295
0.7300002574920654
1.1899998188018799
0.75
0.7599999904632568
0.8000001907348633
0.7699997425079346
0.7999999523162842
0.7700002193450928
0.7499997615814209
0.7900002002716064
0.7899999618530273
1.4500000476837158
1.2999999523162842
0.8399999141693115
1.0199999809265137
0.9099998474121094
0.8199999332427979
0.9200000762939453
0.8100001811981201
0.7899997234344482
0.7999999523162842
1.750000238418579
0.869999885559082
0.7200000286102295
0.940000057220459
0.9599997997283936
0.9300003051757812
1.0299997329711914
0.8700001239776611
0.809999942779541
1.1100001335144043
1.8599998950958252
1.0
0.940000057220459
0.7999999523162842
1.0600001811981201
0.9099998474121094
0.8500001430511475
0.8799998760223389
0.8499999046325684
0.9700000286102295
1.9300000667572021
0.8500001430511475
0.9899997711181641
0.9200000762939453
0.8900001049041748
0.8599998950958252
0.9800000190734863
0.929999828338623
0.8199999332427979
0.9200000762939453
2.309999942779541
0.9599997997283936
1.0500001907348633
1.0799999237060547
0.869999885559082
0.9000000953674316
1.2999999523162842
1.1200001239776611
0.8899998664855957
0.9700002670288086
2.809999704360962
0.9000000953674316
1.049999713897705
1.0
1.1600000858306885
0.8900001049041748
0.880000114440918
0.8199999332427979
0.9500002861022949
1.049999713897705
2.700000047683716
0.882000207901001
1.0199999809265137
0.869999885559082
0.9600000381469727
0.9700000286102295
1.2699999809265137
0.9199998378753662
1.2799999713897705
1.1000001430511475
2.1600000858306885
1.3399999141693115
0.940000057220459
1.0799999237060547
1.0500001907348633
1.1499998569488525
0.9300000667572021
1.0399999618530273
1.0699999332427979
1.0499999523162842
2.429999828338623
1.119999885559082
1.0600001811981201
1.1999998092651367
0.940000057220459
1.130000114440918
1.2300000190734863
1.1299998760223389
1.0499999523162842
1.1099998950958252
4.130000114440918
1.3400001525878906
1.1400001049041748
1.059999942779541
1.010000228881836
1.1699998378753662
1.5420000553131104
1.0899999141693115
1.190000057220459
1.1499998569488525
4.009999752044678
1.1000001430511475
1.0199999809265137
1.1100001335144043
1.0099997520446777
1.1200001239776611
1.059999942779541
1.2700002193450928
1.1399998664855957
0.9600000381469727
4.449999809265137
1.0900001525878906
1.1600000858306885
1.1700003147125244
1.309999704360962
1.2799999713897705
1.440000057220459
1.2099997997283936
1.5899999141693115
1.2200000286102295
3.4200000762939453
1.2699997425079346
1.5
1.3899998664855957
1.2700002193450928
1.2799999713897705
1.3400001525878906
1.0299999713897705
1.3399999141693115
1.4500000476837158
0.619999885559082
0.6500003337860107
0.6699998378753662
0.6299998760223389
0.6400001049041748
0.6599998474121094
0.6500003337860107
0.8099997043609619
0.6400001049041748
0.6700000762939453
1.0399999618530273
0.6899998188018799
0.7000000476837158
0.7400000095367432
0.7100002765655518
0.6899998188018799
0.7300000190734863
0.6400001049041748
0.7200000286102295
0.6900002956390381
1.0399999618530273
0.6000001430511475
0.6100001335144043
0.6099996566772461
0.6200001239776611
0.619999885559082
0.6100001335144043
0.6099998950958252
0.6100001335144043
0.6200001239776611
1.2999999523162842
0.7200000286102295
0.7400000095367432
0.7099997997283936
0.7400000095367432
0.7300002574920654
0.7299997806549072
0.7200000286102295
0.8199999332427979
0.7700002193450928
1.0299997329711914
0.7700002193450928
0.7499997615814209
0.8000001907348633
0.7199997901916504
0.7400000095367432
0.7900002002716064
0.7400000095367432
0.7299997806549072
0.8300001621246338
1.4900000095367432
0.7999999523162842
0.7700002193450928
0.7599999904632568
0.7400000095367432
0.9199998378753662
0.7400000095367432
0.7300000190734863
0.7000000476837158
0.7400000095367432
1.429999828338623
0.7500002384185791
0.7400000095367432
0.7400000095367432
0.9500000476837158
0.8600001335144043
0.7599999904632568
0.7899997234344482
0.9200000762939453
0.8400001525878906
1.6700000762939453
0.8599998950958252
0.8299999237060547
1.0500001907348633
0.7700002193450928
0.8300001621246338
0.9499998092651367
1.010000228881836
0.809999942779541
0.8399999141693115
1.6500000953674316
0.8500001430511475
0.7799999713897705
0.7799999713897705
0.8199999332427979
0.8499999046325684
0.8900001049041748
1.1200001239776611
0.8899998664855957
0.8199999332427979
1.5399999618530273
0.7999999523162842
1.070000171661377
0.8399999141693115
0.9500000476837158
0.8500001430511475
1.049999713897705
0.9200000762939453
0.8299996852874756
0.8799998760223389
2.180000066757202
0.880000114440918
0.9399998188018799
0.9200000762939453
0.869999885559082
0.7999999523162842
0.9600000381469727
0.9000000953674316
0.8799998760223389
1.1100001335144043
1.9200000762939453
0.8999998569488525
0.9200000762939453
0.9900000095367432
0.9900000095367432
0.7999999523162842
0.8799998760223389
0.9800000190734863
0.8700001239776611
0.8400001525878906
2.559999942779541
0.8700001239776611
0.9500000476837158
1.0499999523162842
1.1299998760223389
0.9300003051757812
0.8499996662139893
1.0600001811981201
0.9600000381469727
0.8399999141693115
3.379999876022339
0.8900003433227539
1.049999713897705
1.0
0.9000000953674316
0.9199998378753662
1.0200002193450928
1.0399999618530273
1.0099999904632568
1.2599999904632568
1.4700000286102295
1.1399998664855957
1.059999942779541
1.130000114440918
0.9300003051757812
1.119999885559082
1.2000000476837158
1.3199999332427979
0.929999828338623
1.0199999809265137
3.4100003242492676
0.8099997043609619
0.820000171661377
0.7999999523162842
0.7999999523162842
0.8100001811981201
0.8299996852874756
0.8100001811981201
0.820000171661377
0.8199999332427979
3.6600000858306885
0.9500000476837158
1.1000001430511475
1.1699998378753662
1.2100000381469727
1.0099997520446777
0.929999828338623
1.0999999046325684
0.9500002861022949
1.5999999046325684
3.180000066757202
1.4020001888275146
1.4200000762939453
0.9699997901916504
1.2799999713897705
1.0999999046325684
1.1200001239776611
1.4399998188018799
1.0299999713897705
1.3599998950958252
3.1600000858306885
1.3799998760223389
1.5399999618530273
1.25
1.3500001430511475
1.2699997425079346
1.5899999141693115
1.0
1.1500000953674316
1.0399999618530273
3.0399999618530273
1.3899998664855957
1.249999761581421
1.3899998664855957
1.1100001335144043
1.5399999618530273
1.559999942779541
1.3499999046325684
1.2200000286102295
1.2900002002716064
0.7000000476837158
0.6000001430511475
0.679999828338623
0.6499998569488525
0.6700003147125244
0.6999998092651367
0.6600000858306885
0.6600000858306885
0.6599998474121094
0.6299998760223389
0.820000171661377
0.5899999141693115
0.5800001621246338
0.6000001430511475
0.6100001335144043
0.5899996757507324
0.5899999141693115
0.5999999046325684
0.5900001525878906
0.6099998950958252
1.059999942779541
0.7000000476837158
0.6700000762939453
0.7000000476837158
0.6800000667572021
0.6899998188018799
0.6800000667572021
0.7100000381469727
0.7599999904632568
0.7099997997283936
1.0800001621246338
0.690000057220459
0.7099997997283936
0.7099997997283936
0.7700002193450928
0.8499999046325684
0.690000057220459
0.6899998188018799
0.7100002765655518
0.7099997997283936
1.2799999713897705
0.7200000286102295
0.7099997997283936
0.7000000476837158
0.7300000190734863
0.75
0.8299999237060547
0.7410001754760742
0.7299997806549072
0.9200000762939453
1.510000228881836
1.119999885559082
0.880000114440918
0.7000000476837158
0.7299997806549072
0.8100001811981201
0.815000057220459
0.8060002326965332
0.7299997806549072
0.7700002193450928
1.6780002117156982
0.875
1.0329999923706055
0.7799999713897705
1.1719999313354492
0.8799998760223389
1.0499999523162842
1.0959999561309814
0.820000171661377
0.7799999713897705
1.880000114440918
0.9300003051757812
0.9399998188018799
0.9800000190734863
0.880000114440918
0.8910000324249268
1.2319998741149902
0.8610000610351562
0.9200000762939453
0.9699997901916504
1.7300000190734863
0.7999999523162842
0.8300001621246338
0.9800000190734863
1.0399999618530273
0.8899998664855957
1.0199999809265137
0.9499998092651367
1.0399999618530273
1.2200000286102295
2.249999761581421
0.9100000858306885
1.0420000553131104
0.9500000476837158
1.0199999809265137
1.25
1.1399998664855957
1.1800000667572021
1.0799999237060547
1.070000171661377
2.3559999465942383
1.1500000953674316
1.0600001811981201
1.2099997997283936
1.2750000953674316
0.9749996662139893
0.996999979019165
0.8700001239776611
1.4659998416900635
1.1560001373291016
2.4860000610351562
0.9850001335144043
0.9679999351501465
1.1649999618530273
0.875999927520752
0.9010000228881836
1.2349998950958252
1.0140001773834229
1.1579999923706055
1.059000015258789
2.4020001888275146
1.010000228881836
1.4719998836517334
1.187000036239624
1.315999984741211
1.1079998016357422
1.065999984741211
0.9609999656677246
1.1539998054504395
1.2330000400543213
3.2709999084472656
1.3269999027252197
1.0529999732971191
1.19700026512146
1.5270001888275146
1.0689997673034668
1.3619999885559082
1.5130000114440918
1.253999948501587
1.638000249862671
3.613999843597412
1.1449999809265137
1.4060001373291016
1.183000087738037
1.627000093460083
1.3880000114440918
1.1410000324249268
1.321000099182129
1.4700002670288086
1.3670001029968262
4.9029998779296875
1.4720001220703125
1.3529999256134033
1.6990001201629639
1.2300000190734863
1.9779999256134033
1.194000244140625
2.0920000076293945
1.2989997863769531
1.0850000381469727
4.187000036239624
1.4539999961853027
1.1089999675750732
1.2269999980926514
1.0880000591278076
1.2739999294281006
1.3999998569488525
1.5510001182556152
1.2130000591278076
1.8529999256134033
5.958999872207642
1.5169999599456787
1.5880000591278076
1.5859999656677246
1.7619998455047607
1.8579998016357422
1.8179998397827148
1.4780001640319824
1.811999797821045
1.944000005722046
11.543999910354614
2.950000047683716
3.2219998836517334
2.317999839782715
3.250000238418579
2.0799999237060547
3.009000301361084
3.134000062942505
4.368000030517578
4.33299994468689
8.611999988555908
2.617000102996826
2.3030002117156982
1.9620001316070557
2.3519999980926514
2.430000066757202
2.1140003204345703
2.49399995803833
2.327000141143799
2.4010000228881836
1.2390000820159912
1.1420001983642578
1.2630000114440918
1.325000286102295
1.1170001029968262
1.184000015258789
1.1580002307891846
1.1709997653961182
1.1990001201629639
1.2150001525878906
1.4650001525878906
1.1460001468658447
1.059999942779541
1.1999998092651367
1.5800001621246338
1.3220000267028809
1.4040000438690186
1.7400000095367432
1.3040001392364502
1.2149999141693115
2.630000114440918
1.3969998359680176
1.7690000534057617
1.9220001697540283
1.815999984741211
1.6430001258850098
1.4250001907348633
1.3480000495910645
1.5149998664855957
1.2919998168945312
1.314000129699707
1.0499999523162842
1.066999912261963
0.9910001754760742
1.0840001106262207
1.055999994277954
1.0989999771118164
1.0470001697540283
1.0409998893737793
1.068000078201294
2.0179998874664307
1.3569998741149902
1.4060001373291016
1.3480000495910645
1.6790001392364502
1.316999912261963
1.3320000171661377
1.3390002250671387
1.3580000400543213
1.2180001735687256
2.2220001220703125
1.4150002002716064
1.428999900817871
1.2290000915527344
1.315000295639038
2.0209999084472656
2.2889997959136963
2.32099986076355
1.7819998264312744
2.1559998989105225
3.4670002460479736
1.4820001125335693
1.7669997215270996
1.6099998950958252
1.3319997787475586
1.435999870300293
1.624000072479248
1.1590001583099365
1.1540000438690186
1.2690002918243408
2.8289997577667236
1.2840001583099365
1.5109996795654297
1.4649999141693115
1.3599998950958252
1.4230000972747803
1.5909998416900635
1.3240001201629639
1.4660000801086426
1.5440001487731934
3.2159998416900635
1.4570002555847168
1.3280000686645508
1.444000005722046
1.4859998226165771
1.6690001487731934
1.5360000133514404
2.0380001068115234
1.8519999980926514
2.312999963760376
4.2799999713897705
1.7829997539520264
1.8900001049041748
1.4249999523162842
1.4219999313354492
1.3289997577667236
1.3849999904632568
1.3030002117156982
1.3510000705718994
1.3819999694824219
2.822999954223633
1.1929998397827148
1.4790000915527344
1.378000020980835
1.7599999904632568
1.5629997253417969
1.3179998397827148
1.3480000495910645
1.8300001621246338
1.7720000743865967
3.6500000953674316
1.565000057220459
1.9090001583099365
1.568000078201294
1.626999855041504
1.561999797821045
2.871999979019165
1.9900002479553223
1.6519999504089355
1.9699997901916504
5.063999891281128
1.7630000114440918
2.0759999752044678
1.5350000858306885
1.8960001468658447
1.6090002059936523
1.9909999370574951
2.074000120162964
2.0190000534057617
1.9469997882843018
4.908999919891357
1.6970000267028809
1.9099998474121094
2.0369999408721924
1.6389999389648438
1.6489999294281006
1.8599998950958252
1.7009997367858887
1.8839998245239258
1.9630000591278076
3.181999921798706
2.7309999465942383
1.5729999542236328
2.5390000343322754
1.9419996738433838
1.5849997997283936
1.8480000495910645
1.7609999179840088
1.8420002460479736
1.7730000019073486
4.819000005722046
2.2039999961853027
1.6099998950958252
1.441999912261963
1.9539999961853027
1.928999900817871
1.630000114440918
1.8289999961853027
1.6820001602172852
1.9259998798370361
6.928999900817871
2.5289998054504395
2.0870001316070557
2.1490001678466797
1.8439998626708984
1.9690001010894775
2.9549999237060547
2.8400001525878906
2.6629998683929443
2.505999803543091
5.224999904632568
1.4759998321533203
1.376000165939331
1.5129997730255127
1.4039998054504395
1.569000005722046
1.5339999198913574
1.4730000495910645
1.444000005722046
1.4240000247955322
7.823999881744385
1.7739996910095215
2.182999849319458
2.2790002822875977
2.3989999294281006
2.063000202178955
2.2950000762939453
2.1510000228881836
2.115999937057495
2.0329997539520264
8.23199987411499
2.330000162124634
2.2860000133514404
2.7009999752044678
2.881999969482422
2.7150001525878906
2.255000114440918
2.4709999561309814
1.7999999523162842
2.80400013923645
1.178999900817871
1.0729999542236328
1.2280001640319824
1.3340001106262207
1.1459999084472656
1.1359999179840088
1.1389999389648438
1.2859997749328613
1.1800000667572021
1.2740001678466797
1.750999927520752
1.0409998893737793
1.569000005722046
1.2129998207092285
1.196000099182129
1.1419999599456787
1.1470000743865967
1.1719999313354492
1.0950000286102295
1.0890002250671387
1.5969998836517334
1.1319999694824219
1.2239999771118164
1.319000005722046
1.3050003051757812
1.309000015258789
1.0199999809265137
1.0989999771118164
1.0280001163482666
1.25
2.267000198364258
1.2289998531341553
1.1059997081756592
1.0340001583099365
1.0550000667572021
1.0320000648498535
1.1410002708435059
1.1609997749328613
1.190000057220459
1.3949999809265137
2.267000198364258
1.303999900817871
1.2490003108978271
1.431999921798706
1.2030000686645508
1.2990000247955322
1.2920000553131104
1.496999979019165
1.3240001201629639
1.2799999713897705
1.7339999675750732
0.8599998950958252
0.9049999713897705
0.8780002593994141
0.9179999828338623
0.8610000610351562
0.8280000686645508
0.8659999370574951
0.8389999866485596
0.8769998550415039
2.3269999027252197
1.4049999713897705
1.7590000629425049
1.434000015258789
1.3569998741149902
1.2220001220703125
1.3420002460479736
1.3420000076293945
1.502000093460083
1.569000244140625
2.5940001010894775
1.2179999351501465
1.3700001239776611
1.3280000686645508
1.321000099182129
1.430999994277954
1.3650002479553223
1.5850000381469727
1.8299999237060547
1.559999942779541
2.8550000190734863
1.573000192642212
1.8369998931884766
1.497999906539917
1.5239999294281006
1.9910001754760742
1.7159998416900635
1.503000259399414
1.6689999103546143
1.6579997539520264
1.8320000171661377
1.0419998168945312
1.068000078201294
1.0309996604919434
1.0329999923706055
1.0160000324249268
1.0470001697540283
1.0299999713897705
1.06600022315979
1.194000005722046
3.81499981880188
2.2819998264312744
2.053999900817871
2.7289998531341553
2.3320000171661377
1.9880001544952393
2.0950000286102295
2.4100000858306885
1.6550002098083496
1.8530001640319824
3.544999837875366
1.930999755859375
2.3320000171661377
1.7340002059936523
2.2119998931884766
2.1610000133514404
3.3899998664855957
3.9809999465942383
2.8329999446868896
2.883000135421753
5.243000030517578
3.1050002574920654
4.139999866485596
2.187000036239624
3.2639999389648438
1.7599999904632568
2.5239999294281006
1.989999771118164
3.197000026702881
3.002000093460083
3.871000051498413
2.9170002937316895
2.1540000438690186
1.7380001544952393
1.7870001792907715
2.308000087738037
2.628999948501587
2.381999969482422
1.9820003509521484
2.2749998569488525
4.414999961853027
2.2709999084472656
2.2269999980926514
3.2269999980926514
2.5480000972747803
2.36299991607666
2.0979998111724854
2.496000051498413
1.9590001106262207
1.9010000228881836
6.288000106811523
2.4489998817443848
2.996000051498413
3.0969998836517334
2.384999990463257
2.306999921798706
2.2259998321533203
2.936000108718872
2.7070000171661377
2.5869998931884766
5.63700008392334
1.9639999866485596
2.4129998683929443
2.30299973487854
2.5959999561309814
2.0890002250671387
2.182000160217285
2.484999895095825
2.126999855041504
2.7129998207092285
7.441999673843384
2.263000011444092
1.8389997482299805
2.13100004196167
2.865999937057495
2.9609999656677246
2.493000030517578
2.186999797821045
2.1489999294281006
2.3259999752044678
6.302000045776367
3.005000114440918
2.1689999103546143
2.5320000648498535
3.074000120162964
3.309999942779541
1.821000099182129
2.123000144958496
3.557000160217285
2.1560001373291016
8.721999883651733
2.312999963760376
2.378999948501587
1.9719998836517334
3.0380001068115234
2.572000026702881
2.9150002002716064
2.4860000610351562
2.2739999294281006
3.5169999599456787
1.2000000476837158
1.0239999294281006
1.2380001544952393
1.0969998836517334
1.1050000190734863
1.303999900817871
1.0270001888275146
0.9919998645782471
1.1410002708435059
1.128000020980835
1.4479999542236328
1.0190000534057617
1.0520000457763672
1.070000171661377
1.0850000381469727
1.0770001411437988
1.1569998264312744
1.2279999256134033
1.0980000495910645
1.065000057220459
1.6539998054504395
1.1200001239776611
1.242999792098999
1.1700000762939453
1.2279999256134033
1.3219997882843018
1.2859997749328613
1.3970003128051758
1.4060001373291016
1.250999927520752
1.4820001125335693
1.1709997653961182
1.3880000114440918
0.8949999809265137
1.135000228881836
1.1039998531341553
1.2300000190734863
1.2410001754760742
1.1729998588562012
1.1949999332427979
1.6600000858306885
1.2260000705718994
1.195000171661377
1.1119999885559082
1.2430000305175781
1.2239999771118164
1.1180002689361572
1.1129999160766602
1.055999994277954
1.1699998378753662
1.7300000190734863
0.9709999561309814
0.9630000591278076
1.1129999160766602
1.0669996738433838
1.0789997577667236
1.120999813079834
1.00600004196167
1.0560002326965332
0.9719998836517334
2.5920000076293945
1.2360000610351562
1.363999843597412
1.4029998779296875
1.3369998931884766
1.6899998188018799
1.3599998950958252
1.5540001392364502
1.3670001029968262
2.080000162124634
2.876999855041504
1.3880000114440918
1.625
1.503999948501587
1.6690003871917725
1.6589999198913574
1.371999979019165
1.6049997806549072
1.2070002555847168
1.314000129699707
2.253999948501587
1.4350001811981201
1.5959999561309814
1.505000114440918
1.2309997081756592
1.4530000686645508
1.4169998168945312
1.6430001258850098
1.4950001239776611
1.559000015258789
3.382999897003174
1.3670001029968262
1.5079998970031738
1.180999994277954
1.3529999256134033
1.2579998970031738
1.7609999179840088
1.3659999370574951
1.4809999465942383
1.2950000762939453
2.680000066757202
1.3939998149871826
1.379000186920166
1.2850000858306885
1.5769999027252197
1.3280000686645508
1.994999885559082
1.8139996528625488
2.3580000400543213
1.6420001983642578
4.007999897003174
1.5720000267028809
1.695000171661377
2.2740001678466797
2.05400013923645
2.183000087738037
1.8559999465942383
1.9700002670288086
2.329000234603882
2.0250000953674316
4.214000225067139
2.194999933242798
1.8839998245239258
1.5840001106262207
1.8529999256134033
1.49399995803833
1.6110000610351562
1.7309999465942383
1.3010003566741943
1.4809999465942383
3.2839999198913574
1.7920000553131104
1.5250000953674316
1.5289998054504395
1.4970002174377441
1.6640000343322754
1.4669997692108154
1.4500000476837158
1.5910000801086426
2.0230000019073486
4.296999931335449
1.811999797821045
1.6279997825622559
1.5289998054504395
1.7760000228881836
1.5740001201629639
1.755000114440918
1.5510001182556152
1.7309999465942383
1.866999864578247
5.319999933242798
2.2910001277923584
1.6629998683929443
1.7549996376037598
1.875999927520752
1.5629997253417969
1.621999740600586
1.8509998321533203
1.8289999961853027
2.3460001945495605
5.894000053405762
2.1579999923706055
1.9200000762939453
1.875999927520752
1.758000135421753
1.6760001182556152
1.9730000495910645
2.624999761581421
1.4759998321533203
2.055000066757202
5.8540003299713135
2.0350000858306885
1.9139997959136963
2.2700002193450928
2.1570000648498535
2.256999969482422
2.7170000076293945
3.0309998989105225
2.4170000553131104
3.248999834060669
5.743000030517578
2.0429999828338623
2.0269999504089355
1.9730000495910645
2.077000141143799
2.6560001373291016
2.0269999504089355
2.180000066757202
2.4720001220703125
2.0959999561309814
7.690999984741211
1.7039999961853027
2.2360000610351562
1.8990001678466797
1.5290000438690186
1.6959998607635498
2.177000045776367
2.505999803543091
2.5300002098083496
2.2820000648498535
1.013000249862671
1.0899999141693115
1.053999900817871
1.059999942779541
0.9939999580383301
1.0759999752044678
1.2379999160766602
1.123999834060669
1.0509998798370361
1.0299999713897705
1.4970002174377441
1.0129997730255127
1.063000202178955
1.2710001468658447
1.1130001544952393
1.2189996242523193
0.9830000400543213
1.0880000591278076
1.063999891281128
1.2239999771118164
1.2960000038146973
1.0900001525878906
1.0839998722076416
1.1810002326965332
1.0399999618530273
1.2249999046325684
1.3389997482299805
1.2000000476837158
1.1590001583099365
1.1019999980926514
1.6590001583099365
1.251000165939331
1.0940001010894775
1.2129998207092285
1.2840001583099365
1.1979999542236328
1.2100000381469727
1.1610000133514404
1.253000020980835
1.1569998264312744
2.0269999504089355
1.056999921798706
1.190999984741211
1.306999921798706
1.2370002269744873
1.245999813079834
1.1100001335144043
1.195000171661377
1.305999755859375
1.1029999256134033
1.932999849319458
1.1319999694824219
1.1630001068115234
1.1269996166229248
1.129000186920166
1.1689999103546143
1.1589999198913574
1.1679999828338623
1.1640000343322754
1.3209998607635498
2.3630001544952393
1.4760000705718994
1.488999843597412
1.1369998455047607
1.129000186920166
1.251000165939331
1.187999963760376
1.4559998512268066
1.7829999923706055
1.3629999160766602
2.799999952316284
1.2900002002716064
1.194000005722046
1.1979999542236328
1.1570000648498535
1.309000015258789
1.4490001201629639
1.6070001125335693
1.435999870300293
1.2639999389648438
5.687999963760376
5.782999753952026
4.427999973297119
3.2779998779296875
5.107000112533569
2.5310001373291016
1.9800000190734863
3.065000057220459
3.2019999027252197
2.9819998741149902
3.697000026702881
2.2879998683929443
2.5900001525878906
2.3050003051757812
1.8299999237060547
1.6579997539520264
1.6049997806549072
1.8380000591278076
2.623999834060669
2.067000150680542
3.07099986076355
1.2749998569488525
1.492999792098999
1.7110002040863037
1.875
1.636000156402588
1.5269999504089355
1.5950000286102295
1.434999704360962
2.0350000858306885
3.6050000190734863
1.442000150680542
1.378000020980835
1.263000249862671
1.3329999446868896
1.3300001621246338
1.3549997806549072
1.6380000114440918
1.2979998588562012
1.3229997158050537
3.449000120162964
1.4220001697540283
1.449000358581543
1.3919999599456787
1.6800000667572021
1.4749996662139893
1.6710000038146973
1.4020001888275146
1.7000000476837158
1.5219998359680176
3.9739999771118164
1.3779997825622559
1.437999963760376
1.5480000972747803
1.3429999351501465
1.4160001277923584
1.382000207901001
1.753999948501587
1.4670002460479736
1.6710000038146973
4.082000017166138
1.7579998970031738
1.7729997634887695
1.4060001373291016
1.7549996376037598
1.4600000381469727
1.5529999732971191
1.3720002174377441
1.371999979019165
1.4479999542236328
3.8489999771118164
1.4839999675750732
1.376000165939331
1.5089998245239258
1.9769999980926514
1.5779998302459717
1.7330000400543213
1.7720000743865967
2.246999979019165
2.868000030517578
7.832000017166138
3.01200008392334
2.259999990463257
2.8610000610351562
2.304999828338623
2.233999729156494
2.0410001277923584
2.1529998779296875
2.5230000019073486
2.4120001792907715
6.934999942779541
2.828000068664551
3.0460000038146973
2.514000177383423
2.7649998664855957
2.7799999713897705
2.374000310897827
3.547999858856201
2.064000129699707
1.7960000038146973
6.493000030517578
1.809000015258789
2.235999822616577
2.9100000858306885
2.175999879837036
2.0160000324249268
2.625
2.0240001678466797
2.142000198364258
1.9849998950958252
5.740000009536743
2.3480000495910645
2.254999876022339
1.8910000324249268
2.25600004196167
2.1610002517700195
1.6559998989105225
2.324000120162964
2.5300002098083496
2.2170000076293945
